3 3 3 3 3 3 3 3 8 3 3 3 3 3 3 3 3 3 3 3 3 3 3 3 3 3 3 3 3 3 3 3 3 8 3 3 3 3 3 3 3 3 3 3 8 8 8 8 4 3 3 3 3 3 3 3 8 3 3 3 3 3 3 3 3 3 3 3 3 3 3 3 3
3 3 3 3 3 3 3 3 3 3 3 3 3 3 3 3 3 3 3 3 3 3 3 3 3 3 3 3 3 3 3 3 3 6 0 0 0 4 3 3 3 3 3 3 3 3 3 3 3 3 3 3 3 3 3 3 3 3 3 3 3 3 3 3 3 3 3 3 3 3 3 3 3
3 3 3 9 9 9 9 9 9 9 9 9 9 9 9 9 9 9 9 9 9 9 9 9 9 9 9 9 9 9 9 9 9 9 9 10 0 2 9 9 9 9 9 9 9 9 9 9 9 9 9 9 9 9 9 9 9 9 9 9 9 9 9 9 9 9 9 9 9 9 3 3 3
3 3 6 0 0 0 0 0 0 0 0 0 0 0 0 0 0 0 0 0 0 0 0 0 0 0 0 0 0 0 0 0 0 0 0 0 0 0 0 0 0 0 0 0 0 0 0 0 0 0 0 0 0 0 0 0 0 0 0 0 0 0 0 0 0 0 0 0 0 0 4 3 3
3 3 6 0 0 0 0 0 0 0 0 0 0 0 0 0 0 0 0 0 0 0 0 5 7 0 0 0 0 0 5 1 7 0 0 0 0 0 0 0 0 0 0 0 0 0 0 0 0 0 0 0 0 0 0 0 0 0 0 0 0 0 0 0 0 0 0 0 0 0 4 3 3
3 3 6 0 0 0 0 0 0 0 0 0 0 0 0 5 7 0 0 0 0 0 0 4 6 0 0 0 0 5 3 3 6 0 0 0 0 0 0 0 0 0 0 0 0 0 1 0 0 5 1 1 7 0 0 0 0 0 0 5 1 7 0 0 0 0 0 0 0 0 4 3 3
3 3 6 0 0 0 0 0 0 0 0 0 5 1 1 3 3 1 7 0 0 5 1 3 6 0 0 1 0 2 3 3 6 0 0 0 0 0 0 0 0 0 0 0 1 0 0 0 0 4 3 3 6 0 0 1 1 1 0 4 3 10 0 0 0 0 0 0 0 0 4 3 3
3 3 6 0 0 0 0 0 0 0 0 0 4 3 3 3 3 3 6 0 0 4 3 3 6 0 0 0 0 0 0 4 6 0 0 0 0 0 0 0 0 0 0 0 0 0 0 0 5 3 3 3 6 0 0 0 0 0 0 4 10 0 0 0 0 0 0 0 0 0 4 3 3
3 3 3 1 1 1 1 7 0 5 1 1 3 3 3 3 3 3 3 1 1 3 3 3 3 1 1 1 1 1 0 3 6 0 5 1 1 1 1 1 1 1 1 7 0 0 0 0 4 3 3 3 3 1 1 7 0 5 1 10 0 0 1 1 1 1 1 1 1 1 3 3 3
3 3 3 3 3 3 3 3 8 3 3 3 3 3 3 3 3 3 3 3 3 3 3 3 3 3 3 3 3 3 0 3 3 8 3 3 3 3 3 3 3 3 3 3 8 8 8 0 3 3 3 3 3 3 3 3 8 3 3 0 0 8 3 3 3 3 3 3 3 3 3 3 3
3 3 3 3 3 3 3 3 3 3 3 3 3 3 3 3 3 3 3 3 3 3 3 3 3 3 3 3 3 3 0 0 0 0 0 0 0 0 0 0 0 0 0 0 0 0 0 0 0 0 0 0 0 0 0 0 0 0 0 0 8 3 3 3 3 3 3 3 3 3 3 3
3 3 3 3 3 3 3 3 3 3 3 3 3 3 3 3 3 3 3 3 3 3 3 3 3 3 3 3 3 3 8 8 8 8 8 8 8 8 8 8 8 8 8 8 8 8 8 8 8 8 8 8 8 8 8 8 8 8 8 8 8 8 8 8 8 8 8 8 8 8 8 8